levels:-
/** solved from a website  **/
[5,6,7,8,9,24,28,43,47,60,61,62,66,67,79,86,96,97,98,100,102,103,105,109,110,111,112,113,114,115,119,121,122,124,125,126,127,128,133,134,152,153,154,155,156,157,159,160,161,163,165,166,171,176,182,183,184,185,186,187,188,189,190,195,196,197,198,199,200,201]
[44,65,82,84,136,139]
[131,132,150,151,169,170]
[164]
19*11
/** 16 **/
[1,2,3,4,5,6,7,8,9,10,18,19,27,28,29,31,32,33,36,38,44,45,47,52,53,56,61,65,68,69,70,74,75,76,77]
[23,41,49,50,51,59]
[11,12,13,20,22,24]->[24, 11, 66, 12, 20, 13]
[60]
9*9
/** 20 in socoban jr.1 **/
[8,9,10,11,12,13,14,15,16,17,18,19,20,21,26,27,33,34,39,40,46,47,52,53,54,56,65,67,78,80,84,85,86,87,88,89,90,91,93,94,95,96,97]
[42,44,48,49,62,69,71,76]
[51,25,22,23,24,64,38,77]
[37]
13*8
/** youtube 3:03 **/
[1,2,3,4,5,6,7,8,9,12,16,17,24,25,31,32,33,40,41,44,48,49,50,51,52,53,54,55,56]
[19,22,27,29,35,38]
[20,21,28,29,36,37]->[20, 21, 28, 37, 29, 36]
[18]
8*7
/** 28 **/
[1,2,3,4,5,8,9,10,11,12,16,17,18,19,22,23,33,34,35,37,40,41,44,45,51,52,54,55,56,60,61,62,63,66,67,68,77,79,82,83,84,85,88,90,91,92,93,96,97,98,99]
[25,31,38,39,69,70,71]
[64,65,72,73,74,75,76]
[81]
11*9
/** 45 **/
[3,4,5,6,7,8,9,12,13,14,20,23,31,32,33,34,38,40,44,45,47,53,55,56,60,62,66,67,77,78,79,80,81,82,83,84,85,86,87,88]
[26,27,48,49,50,51,52,73]
[26,28,30,48,52,70,72,74]
[74]
11*8
/**  **/